location   type   service time   et   lt   visit times   demand   available days
58 2 60 43 229 2 3 0 1 1 0 1 
136 2 49 72 196 1 1 1 0 0 0 1 
26 2 55 107 326 1 2 1 0 1 0 0 
24 2 40 133 253 2 1 1 0 1 1 0 
115 2 45 158 325 1 1 1 0 1 0 0 
129 2 54 206 369 2 1 1 0 0 1 1 
0 2 54 227 415 3 3 1 1 1 0 1 
42 2 55 248 402 1 3 1 1 0 0 0 
140 2 45 299 468 1 1 1 1 0 0 1 
60 2 54 326 494 3 1 1 0 1 1 1 
130 2 50 355 497 1 2 1 0 1 1 0 
67 2 56 372 556 3 2 1 0 1 1 1 
105 2 40 395 502 1 3 1 1 0 0 0 
119 2 50 449 628 2 1 1 0 1 1 1 
123 2 58 463 621 1 1 1 0 1 0 1 
134 2 40 484 595 3 1 1 1 1 0 1 
131 2 47 518 671 1 1 1 0 0 1 1 
87 2 42 555 641 1 3 1 1 0 0 1 
121 2 42 595 733 1 2 1 1 0 0 0 
40 2 40 621 746 3 3 1 1 1 0 1 
79 2 52 635 766 3 2 1 1 1 0 1 
32 2 52 682 886 1 1 1 0 0 0 1 
3 2 58 691 914 1 1 1 1 0 0 1 
66 2 58 746 961 1 1 1 0 0 1 0 
57 2 55 770 951 1 1 1 0 1 0 1 
93 2 59 808 961 1 1 1 0 0 0 1 
72 2 41 816 919 1 1 1 0 1 0 0 
90 2 57 859 1033 2 2 1 1 1 0 1 
59 2 60 877 1058 1 1 1 0 1 0 0 
25 2 59 920 1138 2 1 1 0 1 1 0 
 116 1 0 0 1160 
 102 1 0 0 1160 
 2 1 0 0 1160 
 82 0 0 0 1160 
location   type   service time   et   lt   visit times   demand   available days
101 2 56 35 180 1 1 1 0 1 1 0 
108 2 58 75 291 1 1 0 0 1 1 0 
13 2 52 114 251 3 1 1 0 1 1 1 
3 2 54 142 270 2 1 1 0 1 0 1 
116 2 49 165 337 3 1 1 0 1 1 1 
51 2 44 182 290 2 1 1 1 1 0 1 
48 2 49 223 328 1 2 0 0 1 1 1 
66 2 47 264 445 1 3 1 0 1 0 1 
36 2 40 284 428 3 1 1 0 1 1 1 
137 2 47 326 472 1 1 1 0 1 0 1 
28 2 57 358 510 1 1 0 0 0 1 1 
43 2 49 388 507 1 3 1 0 1 1 0 
16 2 45 402 538 3 2 1 1 1 0 1 
119 2 43 422 581 1 2 0 1 0 0 1 
100 2 45 469 627 2 2 1 1 1 0 1 
5 2 42 509 622 1 2 1 1 0 0 1 
21 2 47 531 713 2 1 1 0 0 1 1 
89 2 53 547 731 3 1 1 0 1 1 1 
118 2 59 597 792 1 1 0 1 1 0 1 
90 2 59 603 830 1 3 1 0 1 0 1 
8 2 49 639 739 1 1 1 0 1 0 1 
96 2 53 671 854 1 1 0 0 1 1 0 
114 2 44 702 810 1 2 1 0 0 0 1 
60 2 56 733 867 1 1 1 0 1 0 1 
129 2 46 752 924 1 1 1 0 1 0 1 
19 2 55 782 964 1 3 1 0 1 1 0 
26 2 52 816 945 3 3 1 1 1 0 1 
30 2 51 851 967 1 1 0 0 1 1 1 
70 2 44 878 1019 2 3 0 1 1 0 1 
6 2 57 902 1076 2 1 1 0 1 1 1 
 67 1 0 0 1160 
 121 1 0 0 1160 
 78 1 0 0 1160 
 107 0 0 0 1160 
