location   type   service time   et   lt   visit times   demand   available days
92 2 48 56 199 3 1 1 1 1 0 1 
17 2 60 67 253 1 1 0 0 1 1 1 
15 2 42 110 259 1 1 0 0 1 0 1 
59 2 40 149 296 1 2 0 0 0 1 1 
139 2 50 164 287 1 1 1 0 0 0 1 
50 2 47 192 317 2 3 1 0 1 1 0 
94 2 40 235 321 1 3 1 0 1 1 1 
112 2 49 265 395 1 1 1 1 0 0 0 
38 2 56 54 218 1 2 1 0 1 0 1 
36 2 52 62 171 2 2 1 0 0 1 1 
11 2 57 97 245 1 3 1 0 1 0 1 
133 2 59 149 378 1 1 1 0 0 1 0 
91 2 56 164 333 1 1 1 0 1 0 1 
21 2 53 279 467 1 1 0 1 1 0 0 
48 2 49 301 406 3 1 1 1 1 0 1 
11 2 54 333 451 2 3 1 0 1 1 1 
114 2 53 389 584 3 2 1 1 1 0 1 
8 2 42 392 555 3 1 1 0 1 1 1 
35 2 40 447 558 1 1 0 0 1 0 1 
88 2 46 466 562 1 3 1 0 0 1 1 
95 2 54 498 711 1 1 1 0 1 0 1 
117 2 44 525 638 3 2 1 1 1 0 1 
51 2 46 565 684 1 2 1 0 1 0 0 
5 2 46 577 735 2 1 1 0 1 1 0 
125 2 52 616 768 1 1 1 0 0 0 1 
3 2 45 638 796 1 1 1 1 1 0 1 
135 2 54 689 803 2 2 0 1 1 0 1 
26 2 46 694 819 1 1 1 0 0 0 1 
28 2 50 735 856 2 1 1 0 1 0 1 
93 2 55 759 947 3 1 1 0 1 1 1 
133 2 53 805 977 2 2 1 0 1 0 1 
39 2 51 828 977 1 3 0 0 0 1 1 
1 2 57 849 990 1 1 1 0 0 1 0 
70 2 53 897 1049 1 1 0 1 0 0 1 
131 2 50 910 1054 1 3 1 0 1 1 0 
 71 1 0 0 1160 
 75 1 0 0 1160 
 24 1 0 0 1160 
 4 0 0 0 1160 
