location   type   service time   et   lt   visit times   demand   available days
120 2 54 36 145 3 2 1 0 1 1 1 
124 2 49 61 235 2 2 1 0 1 1 1 
9 2 48 96 244 2 1 1 0 1 0 1 
59 2 49 148 331 1 3 0 0 1 0 1 
81 2 42 170 267 1 1 1 0 0 0 1 
2 2 51 191 321 1 3 1 0 1 0 1 
46 2 40 212 352 3 1 1 1 1 0 1 
30 2 52 245 380 1 2 1 0 1 0 0 
47 2 52 271 472 3 1 1 1 1 0 1 
71 2 40 309 394 1 1 0 0 1 1 0 
37 2 44 347 490 1 2 1 0 0 0 1 
15 2 46 382 556 1 1 0 0 0 1 1 
139 2 50 394 525 1 2 1 0 0 1 1 
38 2 56 54 218 1 2 1 0 1 0 1 
36 2 52 62 171 2 2 1 0 0 1 1 
11 2 57 97 245 1 3 1 0 1 0 1 
133 2 59 149 378 1 1 1 0 0 1 0 
91 2 56 164 333 1 1 1 0 1 0 1 
106 2 43 440 600 1 1 1 0 1 0 1 
13 2 56 460 661 3 1 1 0 1 1 1 
128 2 57 482 675 1 1 1 1 0 0 1 
80 2 51 533 650 1 3 1 1 1 0 0 
130 2 49 569 743 2 2 1 1 0 0 1 
51 2 53 586 701 2 1 1 1 0 0 1 
74 2 40 629 779 1 1 1 0 0 0 1 
136 2 51 653 829 1 1 0 1 1 0 1 
88 2 50 684 877 1 1 0 0 1 0 1 
8 2 43 714 868 2 3 1 1 1 0 1 
133 2 60 736 884 3 1 1 0 1 1 1 
69 2 46 752 858 1 1 1 0 1 0 1 
113 2 46 806 969 2 3 1 1 0 0 1 
112 2 47 832 958 1 1 1 1 1 0 1 
131 2 56 868 1064 1 1 0 1 1 0 1 
39 2 56 888 1071 1 3 1 0 1 0 1 
64 2 51 929 1061 3 1 1 1 1 0 1 
 23 1 0 0 1160 
 7 1 0 0 1160 
 41 1 0 0 1160 
 114 0 0 0 1160 
