location   type   service time   et   lt   visit times   demand   available days
140 2 48 317 451 3 2 1 1 1 0 1 
59 2 44 751 915 2 1 1 1 1 0 1 
50 2 59 605 748 2 2 1 0 1 1 1 
79 2 46 467 560 1 1 1 1 1 0 1 
129 2 52 299 503 3 1 1 1 1 0 1 
114 2 44 119 251 2 1 1 1 1 1 0 
11 2 57 199 367 1 1 0 0 1 1 0 
8 2 58 600 753 1 1 0 1 1 1 0 
92 2 45 826 974 1 3 1 0 1 0 0 
115 2 51 571 722 3 1 1 1 1 0 1 
93 2 46 565 733 1 1 0 0 1 1 0 
135 2 42 753 869 3 1 1 1 1 0 1 
67 2 56 247 430 2 2 1 1 0 1 1 
14 2 44 180 303 1 2 0 1 1 0 1 
117 2 53 838 1008 3 1 1 1 1 0 1 
25 2 56 582 773 1 1 0 1 0 1 1 
80 2 53 210 373 1 3 1 0 0 1 0 
94 2 52 854 1026 2 3 1 1 1 0 1 
13 2 52 854 990 1 1 0 1 0 0 1 
45 2 44 699 857 1 1 1 1 0 1 1 
28 2 48 728 890 1 1 1 1 0 0 0 
87 2 49 760 929 1 3 1 0 1 0 1 
5 2 60 807 1018 1 1 1 0 1 0 1 
69 2 48 473 660 1 1 1 0 0 1 1 
91 2 44 570 725 2 1 1 1 0 1 1 
95 2 42 562 664 1 1 0 1 0 1 0 
71 2 59 788 970 3 2 1 0 1 1 1 
83 2 42 453 618 1 2 1 1 1 0 0 
26 2 52 836 982 1 3 1 1 1 0 0 
133 2 60 890 1058 1 3 0 1 0 0 1 
38 2 56 54 218 1 2 1 0 1 0 1 
36 2 52 62 171 2 2 1 0 0 1 1 
11 2 57 97 245 1 3 1 0 1 0 1 
133 2 59 149 378 1 1 1 0 0 1 0 
91 2 56 164 333 1 1 1 0 1 0 1 
 104 1 0 0 1160 
 131 1 0 0 1160 
 58 1 0 0 1160 
 126 0 0 0 1160 
