location   type   service time   et   lt   visit times   demand   available days
96 2 40 59 198 1 1 1 0 0 1 0 
3 2 44 89 189 3 1 1 1 1 0 1 
14 2 54 103 215 2 1 1 0 1 0 1 
8 2 52 145 333 3 3 1 0 1 1 1 
119 2 60 176 380 1 1 0 1 0 0 1 
38 2 50 184 332 2 1 1 1 1 0 1 
16 2 40 232 353 1 1 1 0 1 0 0 
71 2 51 258 452 2 2 1 0 1 0 1 
117 2 43 271 440 1 3 0 1 1 0 1 
56 2 44 302 442 1 1 0 0 1 1 1 
35 2 52 330 499 3 3 1 1 1 0 1 
15 2 52 372 529 1 2 1 0 0 1 0 
95 2 60 407 569 3 1 1 1 1 0 1 
114 2 42 420 547 1 3 1 1 0 0 1 
62 2 57 461 688 3 1 1 1 1 0 1 
82 2 52 502 629 1 3 1 1 0 0 1 
23 2 45 537 690 3 2 1 1 1 0 1 
5 2 40 564 683 2 1 1 0 1 1 1 
134 2 48 589 754 2 2 1 0 1 1 0 
44 2 41 603 699 1 1 0 0 1 1 1 
138 2 42 634 731 1 2 0 1 1 0 0 
59 2 51 687 874 2 1 1 1 0 0 1 
80 2 59 715 944 1 3 1 1 0 0 1 
105 2 45 738 890 1 1 1 1 0 0 1 
101 2 46 765 864 1 1 0 1 1 0 0 
78 2 57 782 1007 1 1 0 1 1 0 1 
67 2 59 810 973 1 1 1 0 0 0 1 
41 2 41 850 966 1 1 1 0 1 0 0 
46 2 44 877 1028 1 1 1 1 0 0 1 
31 2 46 921 1066 1 2 1 0 1 0 1 
 84 1 0 0 1160 
 112 1 0 0 1160 
 6 1 0 0 1160 
 36 0 0 0 1160 
