location   type   service time   et   lt   visit times   demand   available days
118 2 43 52 179 3 1 1 0 1 1 1 
104 2 55 77 293 2 3 1 1 1 0 1 
5 2 60 90 227 2 1 0 1 1 0 1 
0 2 59 135 330 1 1 0 0 1 1 1 
71 2 56 158 381 1 1 0 1 1 0 1 
16 2 58 191 338 1 1 1 1 0 0 0 
79 2 59 221 366 1 1 1 0 0 1 1 
95 2 51 242 412 1 1 1 0 0 1 0 
63 2 55 282 483 2 3 1 1 1 0 1 
55 2 45 309 483 1 2 1 1 1 0 0 
125 2 48 347 532 1 3 1 0 0 0 1 
102 2 58 383 574 1 1 1 1 0 0 0 
28 2 60 418 591 1 1 1 1 0 0 1 
35 2 54 433 566 3 1 1 1 1 0 1 
20 2 47 454 631 1 1 0 1 1 0 1 
6 2 57 496 674 1 2 0 1 1 0 1 
109 2 60 516 675 1 1 0 0 0 1 1 
3 2 57 550 734 1 3 0 1 1 0 1 
97 2 48 592 688 1 1 1 0 1 0 1 
96 2 41 603 726 1 1 0 0 0 1 1 
94 2 54 650 785 3 1 1 0 1 1 1 
115 2 47 683 820 2 3 1 1 0 0 1 
61 2 42 695 854 3 2 1 0 1 1 1 
64 2 57 737 882 1 2 1 1 1 0 1 
130 2 57 778 935 2 2 1 0 1 1 1 
 85 1 0 0 1160 
 39 1 0 0 1160 
 101 1 0 0 1160 
 140 0 0 0 1160 
