location   type   service time   et   lt   visit times   demand   available days
58 2 60 43 229 2 3 0 1 1 0 1 
136 2 49 72 196 1 1 1 0 0 0 1 
26 2 55 107 326 1 2 1 0 1 0 0 
24 2 40 133 253 2 1 1 0 1 1 0 
115 2 45 158 325 1 1 1 0 1 0 0 
129 2 54 206 369 2 1 1 0 0 1 1 
0 2 54 227 415 3 3 1 1 1 0 1 
42 2 55 248 402 1 3 1 1 0 0 0 
140 2 45 299 468 1 1 1 1 0 0 1 
60 2 54 326 494 3 1 1 0 1 1 1 
130 2 50 355 497 1 2 1 0 1 1 0 
67 2 56 372 556 3 2 1 0 1 1 1 
105 2 40 395 502 1 3 1 1 0 0 0 
119 2 50 449 628 2 1 1 0 1 1 1 
123 2 58 463 621 1 1 1 0 1 0 1 
134 2 40 484 595 3 1 1 1 1 0 1 
131 2 47 518 671 1 1 1 0 0 1 1 
87 2 42 555 641 1 3 1 1 0 0 1 
121 2 42 595 733 1 2 1 1 0 0 0 
40 2 40 621 746 3 3 1 1 1 0 1 
79 2 52 635 766 3 2 1 1 1 0 1 
32 2 52 682 886 1 1 1 0 0 0 1 
3 2 58 691 914 1 1 1 1 0 0 1 
66 2 58 746 961 1 1 1 0 0 1 0 
57 2 55 770 951 1 1 1 0 1 0 1 
 116 1 0 0 1160 
 102 1 0 0 1160 
 2 1 0 0 1160 
 82 0 0 0 1160 
