location   type   service time   et   lt   visit times   demand   available days
31 2 50 49 155 1 2 0 0 0 1 1 
73 2 59 87 254 1 3 0 0 1 0 1 
64 2 46 93 252 1 1 0 1 1 0 1 
8 2 45 125 285 1 3 1 1 1 0 0 
119 2 51 170 322 1 3 0 0 1 0 1 
120 2 56 188 304 1 2 1 1 0 0 0 
1 2 49 213 353 1 1 1 0 0 0 1 
80 2 44 262 437 1 3 0 0 1 0 1 
4 2 41 293 417 1 2 1 0 1 0 0 
138 2 54 319 511 2 1 1 0 1 0 1 
75 2 58 348 479 3 1 1 1 1 0 1 
37 2 49 377 478 1 1 0 1 0 0 1 
41 2 54 407 587 3 1 1 1 1 0 1 
18 2 43 430 586 3 1 1 1 1 0 1 
96 2 41 464 581 1 1 1 0 0 1 1 
118 2 46 505 630 1 3 1 0 1 1 0 
85 2 48 518 673 1 2 1 1 1 0 0 
94 2 59 557 789 2 2 1 0 1 0 1 
79 2 45 580 727 1 1 1 1 1 0 0 
34 2 43 619 786 1 1 0 0 1 0 1 
67 2 45 659 828 3 1 1 1 1 0 1 
115 2 48 660 784 1 1 1 1 0 0 1 
38 2 49 693 846 2 2 1 0 1 1 1 
123 2 50 745 938 2 1 1 0 0 1 1 
95 2 54 774 986 2 1 1 0 1 1 1 
 40 1 0 0 1160 
 7 1 0 0 1160 
 133 1 0 0 1160 
 49 0 0 0 1160 
