location   type   service time   et   lt   visit times   demand   available days
124 2 60 49 240 1 1 0 1 0 0 1 
57 2 53 73 281 3 3 1 0 1 1 1 
13 2 42 105 217 3 1 1 0 1 1 1 
98 2 50 130 257 1 3 1 0 0 1 1 
6 2 45 179 280 1 1 0 0 1 0 1 
134 2 52 188 342 1 3 1 1 1 0 1 
60 2 43 225 369 1 2 1 1 1 0 1 
116 2 49 257 361 1 1 1 0 1 1 0 
52 2 58 274 454 1 2 1 1 1 0 0 
92 2 44 311 413 1 1 0 0 1 1 1 
76 2 56 352 502 1 2 1 0 1 0 0 
122 2 40 379 507 2 3 1 0 1 1 1 
93 2 55 416 533 3 2 1 0 1 1 1 
36 2 40 424 553 3 1 1 1 1 0 1 
69 2 40 471 561 1 1 0 1 0 0 1 
87 2 41 497 592 2 1 1 1 1 0 1 
81 2 45 538 643 1 3 1 1 0 0 0 
84 2 51 567 739 2 1 1 1 0 0 1 
107 2 47 573 736 1 2 1 0 1 1 1 
51 2 57 604 809 2 2 1 1 1 0 1 
45 2 46 638 731 1 1 1 0 0 1 0 
49 2 51 668 816 1 3 0 1 1 0 0 
0 2 49 709 903 2 1 1 1 1 0 1 
129 2 49 735 859 3 1 1 0 1 1 1 
114 2 40 779 901 2 1 1 0 1 1 0 
 35 1 0 0 1160 
 120 1 0 0 1160 
 72 1 0 0 1160 
 67 0 0 0 1160 