30 0 0 146.84400000000002 9 13 15 29 
30 0 2 132.54800000000006 4 9 14 15 24 26 
30 0 3 152.90400000000002 13 16 29 
30 0 4 112.18999999999998 1 8 9 15 21 25 
30 1 0 251.89999999999998 5 18 27 
30 1 1 260.08000000000004 
30 1 3 231.508 5 10 
30 1 4 261.91600000000005 27 
30 2 0 197.6220000000001 6 11 19 20 23 28 
30 2 1 298.464 0 7 12 17 
30 2 2 280.5239999999999 2 6 11 19 20 
30 2 4 235.03199999999998 0 6 11 19 20 22 
30 0 0 136.66 3 4 5 8 17 29 
30 0 2 118.38199999999998 0 4 8 9 17 23 
30 0 3 161.79799999999994 1 10 27 29 
30 0 4 133.646 3 4 5 8 17 24 
30 1 1 229.84 14 18 
30 1 2 241.244 
30 1 3 222.024 21 
30 1 4 263.41200000000003 6 13 14 15 20 22 
30 2 0 622.4039999999999 2 11 12 16 25 26 
30 2 1 328.12 28 
30 2 2 587.7 2 12 19 26 
30 2 4 606.4200000000001 2 7 12 16 26 28 
